# Frame list with one line of data per frame:
#   FRAME_ID, RIG_ID, RIG_FROM_WORLD[QW, QX, QY, QZ, TX, TY, TZ], NUM_DATA_IDS, DATA_IDS[] as (SENSOR_TYPE, SENSOR_ID, DATA_ID)
# Number of frames: 259
1 1 0.46362946550909118 0.76345071667497888 -0.34357762117853913 -0.29007781739649102 0.31225320872920848 0.59492979223945586 4.5238638173871513 1 CAMERA 1 1
2 1 0.43663229714376495 0.75905869156633266 -0.36263007734232117 -0.31887547233248936 0.34613320600256137 0.55206906862276328 4.1905507337645513 1 CAMERA 1 2
3 1 0.42787584441813481 0.75809143752724539 -0.36754812159579464 -0.32730415888397402 0.38347842066921123 0.49954955172611526 4.1486634248101604 1 CAMERA 1 3
4 1 0.40818475903188678 0.74569419797971315 -0.39413896717324143 -0.34925612399653594 0.77232886309450732 0.34293301101472839 4.1475356600767554 1 CAMERA 1 4
5 1 0.40522837034467868 0.74042486340477875 -0.40014687384727615 -0.35699225323536488 0.87491996211406464 0.33057225928805872 3.9965671226505743 1 CAMERA 1 5
6 1 0.40106669740947776 0.73171273820796967 -0.4150426349609514 -0.36260389426744982 0.82542716312478814 0.45824102008401402 3.542238021484418 1 CAMERA 1 6
7 1 0.39859481194658342 0.72814556418716747 -0.42076121892175827 -0.36590464590559052 0.80840443005581153 0.41706097581614393 3.4441698296308156 1 CAMERA 1 7
8 1 0.39962751060812951 0.72032630724019664 -0.4311167202503855 -0.36819320659594218 0.87495534660494823 0.24460608388102123 3.3266837001879241 1 CAMERA 1 8
9 1 0.40295726940312693 0.71417075398417118 -0.43844595575883288 -0.36790041732455231 0.91475939571739429 0.17720541808743628 3.1824679990520899 1 CAMERA 1 9
10 1 0.40278003738657753 0.71383434125278711 -0.43855352295360456 -0.36861847788200891 0.91857011709120451 0.1650985632784657 3.1732092922466553 1 CAMERA 1 10
11 1 0.41075289652275615 0.70451486112079453 -0.44862723941485405 -0.36561519185219982 0.97129675398233117 -0.0064449893495952849 3.0799016695220307 1 CAMERA 1 11
12 1 0.41590323127401169 0.70051613087218667 -0.45204208274963997 -0.3632624506153439 0.99224902625673705 -0.041185845265945827 3.048844069563776 1 CAMERA 1 12
13 1 0.42249253022780897 0.69634843768649635 -0.45496653775298002 -0.36000606211332886 1.0019853359632993 -0.027051441086907116 3.0414718715853102 1 CAMERA 1 13
14 1 0.4245812930892367 0.69491823922730933 -0.45671584968423173 -0.35809216550365647 0.98404465695664023 -0.033795833643455155 3.033955878974381 1 CAMERA 1 14
15 1 0.43069564196798993 0.69160997842973226 -0.45895504219424477 -0.35431225066413574 0.92818811731672368 -0.077719128316548189 3.0053690337352204 1 CAMERA 1 15
16 1 0.43859810110094832 0.68722394871429748 -0.462594559364851 -0.34836937820395536 0.93428943935468822 -0.22345085123546307 2.972112544345654 1 CAMERA 1 16
17 1 0.4472322627233401 0.68284271878935221 -0.46550773098851439 -0.342069696064489 0.966547298102851 -0.40028264829601096 3.0184211070300804 1 CAMERA 1 17
18 1 0.45426890235440193 0.67961882196653045 -0.46796447615293635 -0.33580838322093792 0.95636720395350217 -0.5678015670097637 3.0482650341841868 1 CAMERA 1 18
19 1 0.46906349940248049 0.67353564964724577 -0.47148015635951263 -0.32254553840003986 0.92879063105854187 -0.84998399406970238 3.0705434462095829 1 CAMERA 1 19
20 1 0.4731398745985706 0.67129009677645479 -0.4721100240239558 -0.32034417467905774 0.91919025163861767 -0.94095852435889515 3.0871921979214472 1 CAMERA 1 20
21 1 0.94036671472113009 -0.29006055370542022 0.17076931323633743 -0.049123911545025545 -1.0604660459064028 -0.047514880732655598 1.519457617676147 1 CAMERA 1 21
22 1 0.94110178644011899 -0.2884818084862309 0.16998220773028191 -0.047028956897528451 -1.0550813579575731 -0.064740079669848363 1.4391412901631064 1 CAMERA 1 22
23 1 0.94237728958405553 -0.28657513180240618 0.16710889688155298 -0.043293815859465366 -0.98339988788615673 -0.1348137614347675 1.2692720374763613 1 CAMERA 1 23
24 1 0.94217467272669175 -0.28857647247689194 0.16481095850692867 -0.043218671441547674 -0.73621077782470101 -0.12440560611520161 1.0828591848838593 1 CAMERA 1 24
25 1 0.94472688017682338 -0.2778472647699281 0.17028368806613989 -0.035992845258872842 -0.64109776763251181 -0.12072661838647425 0.87399863193275762 1 CAMERA 1 25
26 1 0.94536961876226799 -0.27511549693803927 0.17147590910834712 -0.034405811446406295 -0.63945437078737766 -0.11662967509128985 0.85150372375382843 1 CAMERA 1 26
27 1 0.94210069557413867 -0.2841911717892659 0.17462666493579662 -0.034455553531603136 -0.56295450716087558 -0.12433785872424012 0.75358956902687568 1 CAMERA 1 27
28 1 0.89258474749085581 -0.30264965127149568 0.33083127196461581 0.047395428283767367 0.001457401139539646 -0.13854558531774674 0.70253295342952715 1 CAMERA 1 28
29 1 0.87791054896459597 -0.29908604646395298 0.36778100745520409 0.067511001936566228 -0.01102057759478705 -0.12585316253185339 0.90791417324875923 1 CAMERA 1 29
30 1 0.86237597255789977 -0.30815944094283187 0.39315016612842552 0.082330964926990838 -0.083764648621428628 -0.11779515715101541 1.1300862636738722 1 CAMERA 1 30
32 1 0.86345924640817506 -0.30220774400187939 0.38913662868704968 0.10808003271464174 -0.76099229955935022 -0.18360954552749789 1.8513960080440859 1 CAMERA 1 32
33 1 0.86377523345047758 -0.30116291993334876 0.38910415248750024 0.10858729323349307 -0.79561763892188109 -0.18733814291024378 1.8992820163105872 1 CAMERA 1 33
34 1 0.86361926383540444 -0.3001937091585386 0.38989101797543368 0.10968362783986038 -0.99071236986299072 -0.22528620507179714 2.1559330080044838 1 CAMERA 1 34
35 1 0.86059552082421809 -0.3112382966900627 0.38948978228566689 0.1039412416022885 -1.4540344355283898 -0.21994775147226325 2.2666947626083402 1 CAMERA 1 35
36 1 0.85224708029493279 -0.32984180487185794 0.39569187036885484 0.091144070633449023 -1.4726998876011328 -0.19457402657477421 2.2543120435252302 1 CAMERA 1 36
37 1 0.84518089532821938 -0.34481300388539915 0.40074922807572233 0.078570367954018963 -1.4366110469824875 -0.22155496783796319 2.1219375607122917 1 CAMERA 1 37
38 1 0.81584405832162432 -0.39773170282386011 0.41976216218992424 -0.0027734930637283691 -1.5186987319687055 -0.53330081699040932 1.6120635034494422 1 CAMERA 1 38
39 1 0.79666897681575366 -0.42671830671935468 0.42646367575286559 -0.036861380240867742 -1.563245408252266 -0.52009695430439551 1.4220341766378894 1 CAMERA 1 39
40 1 0.79485978117177591 -0.42901322709748768 0.42726781223609261 -0.03984715645989171 -1.5629125759269509 -0.518760911376281 1.4045771142348962 1 CAMERA 1 40
41 1 0.74807776485427391 -0.47703612154561881 0.45759730210921423 -0.058488508048298866 -1.554621645776481 -0.62868412405448937 1.3850537372166918 1 CAMERA 1 41
42 1 0.76753733374950817 -0.46454519852310522 0.43565089292649228 -0.07274956578684913 -1.5893852950942704 -0.6159892021381016 1.2263286429830418 1 CAMERA 1 42
43 1 0.76804514260825307 -0.46575178521454313 0.43283616900349792 -0.076385759718087434 -1.5851482578372846 -0.62111293366219056 1.2149618822640222 1 CAMERA 1 43
49 1 0.89555638528181858 -0.32569399222627721 0.1882696298143838 -0.23760625138709501 0.57812799791164915 -1.0019998387368489 0.85183999348566442 1 CAMERA 1 49
50 1 0.91095078437079691 -0.28749989552997335 0.16991583817435083 -0.24215921717331376 0.66281223383237453 -0.83328611456665502 0.97705476619057541 1 CAMERA 1 50
51 1 0.92001434309413255 -0.26583410176109484 0.15598350246445455 -0.24202269687131647 0.63163161782378607 -0.62667185122725588 0.98701774643321261 1 CAMERA 1 51
52 1 0.9232220229746132 -0.259965594093998 0.15127671637582421 -0.23915338438869266 0.62253132915434972 -0.5739867087545879 1.0150821743200269 1 CAMERA 1 52
53 1 0.93353037081416312 -0.24547329570253065 0.13888172559111239 -0.22130470885488188 0.58598032549359813 -0.3133819875920163 1.0840649166912348 1 CAMERA 1 53
54 1 0.94181877897751309 -0.24108912548218744 0.12929736806394634 -0.19528341391750839 0.50578095848654658 -0.2522944619549955 1.1508932499386484 1 CAMERA 1 54
55 1 0.94433158127291716 -0.23949804336019345 0.12596118376224258 -0.18711582515235164 0.51702199873619692 -0.22314913966641303 1.1733972188871116 1 CAMERA 1 55
56 1 0.9543761984668736 -0.22215579579971992 0.1187405954675312 -0.16035443611116004 0.53632134115982766 -0.086042133869988185 1.3382861464548497 1 CAMERA 1 56
57 1 0.96506124674359406 -0.187007389124691 0.11655179319199391 -0.14177695846010047 0.60041829642486799 -0.049216552095844433 1.3456444163368122 1 CAMERA 1 57
58 1 0.97670535843058903 -0.1388496658362276 0.122135294129433 -0.10885946462324615 0.76298527663359705 0.092547382990378832 1.2713697744281167 1 CAMERA 1 58
59 1 0.98651899014108158 -0.073667660104606195 0.12715768751371648 -0.072001947556276022 0.76059196748479907 0.41571560934745322 1.1826148407735471 1 CAMERA 1 59
60 1 0.98941176707471523 -0.032933521155423091 0.13159311553484537 -0.051604169426779201 0.76425072872074185 0.59983673868631004 1.2017476803356315 1 CAMERA 1 60
61 1 0.99038304209271544 -0.0068403919066641261 0.13213563669083989 -0.040432814520491953 0.76792254927347792 0.7215297293895333 1.1703354107224946 1 CAMERA 1 61
62 1 0.99075763617124557 0.012856471912378408 0.13189215553534842 -0.028956463985985535 0.71588450191462938 0.89375350172444834 1.0167751185646996 1 CAMERA 1 62
64 1 0.99070478695427699 0.012851395128886408 0.13267363342397062 -0.027139892100081917 0.72268602354732248 0.92719223334774192 1.0211748947470474 1 CAMERA 1 64
65 1 0.080889830461527881 -0.44538334203969754 -0.51058056738130986 0.73102530611055794 0.42256829094455889 0.38039497780547349 2.8003167763202796 1 CAMERA 1 65
66 1 0.073827534513786777 -0.4789660576388976 -0.50629608607871357 0.71330588389473115 0.48279848813217019 0.22294248673454431 3.0209965013286717 1 CAMERA 1 66
67 1 0.073005486654782861 -0.48005656434308208 -0.50650284572229987 0.71251018324275683 0.48100495373123769 0.20878628119106171 3.0239247959266731 1 CAMERA 1 67
68 1 0.090400615190263309 -0.4268607872764475 -0.50542144841523728 0.74442377483581024 0.66413269934688224 0.28866907223085281 2.8869540222036667 1 CAMERA 1 68
69 1 0.10455749454880595 -0.35782151369403709 -0.50997576282029844 0.77521365829507882 0.55513803260431671 0.45139800887786896 2.6104481375420181 1 CAMERA 1 69
70 1 0.1051864856355529 -0.34700481893267959 -0.5107639199736731 0.77951502675077855 0.51970812953362666 0.45812204268115342 2.6056172373241524 1 CAMERA 1 70
71 1 0.10777327588662609 -0.23616685218858816 -0.51950923800719029 0.81407634197118595 0.36361524336931933 0.72987517283021786 2.7604190265143722 1 CAMERA 1 71
72 1 0.10685946340771266 -0.23262096760246662 -0.51917200486042503 0.81543176899181147 0.34134999897564577 0.73723233154332479 2.7627165749558351 1 CAMERA 1 72
73 1 0.10997441971160921 -0.14668576580772971 -0.53406149095893474 0.82532856305426283 0.044564275939378312 0.7378963445915897 2.7720865817174576 1 CAMERA 1 73
74 1 0.10960395841120228 -0.13559423844116963 -0.53383372241978322 0.82741932030234377 0.044955042507015479 0.71419667071180315 2.7693319209957066 1 CAMERA 1 74
75 1 0.110482555935197 -0.11455951596704325 -0.53376861967936207 0.83051838196454841 -0.1227409172543316 0.70254922989151969 2.8038306035616474 1 CAMERA 1 75
76 1 0.10669114763095917 -0.081477282214362665 -0.54037559044583794 0.83064593705769862 -0.72959781917189714 0.51943328636988062 3.0161335185055358 1 CAMERA 1 76
77 1 0.10230299229148046 -0.074323375872519845 -0.54143687204679436 0.83117762671724071 -0.88547995083952369 0.53308611757696156 3.1051797456156418 1 CAMERA 1 77
78 1 0.099808363486058566 -0.063128133477798262 -0.54180287366842417 0.83216751644514564 -1.073527396110098 0.63399870159673244 3.1151442488164585 1 CAMERA 1 78
79 1 0.10405579301384386 -0.02758979322640466 -0.54223122268563584 0.83330456400695707 -1.3677055593800711 0.51032453285197898 3.1407973422749609 1 CAMERA 1 79
80 1 0.10308254949844492 0.00028026351134894051 -0.53847321818134752 0.83631363897923361 -1.4400147246066985 0.51905149467074141 3.05127253588262 1 CAMERA 1 80
81 1 0.10176817073407983 0.030962775867555106 -0.5339553744919221 0.83879449449028087 -1.6213712113591843 0.45701358939572434 3.0942695489966812 1 CAMERA 1 81
82 1 0.09809889646349397 0.061897577625619753 -0.52745429294301249 0.8416277474351187 -1.7761221396049973 0.41520964387427384 3.1867181573702981 1 CAMERA 1 82
83 1 0.097423804419136881 0.077367492588304429 -0.52478072252804031 0.84209742113727459 -1.7894767819580011 0.39830847191236696 3.2729091304088636 1 CAMERA 1 83
84 1 0.1052439395943546 0.13693905474094975 -0.51672455230866221 0.83855062191064389 -1.8062936876006828 0.33237727575981391 3.5812701184557172 1 CAMERA 1 84
85 1 0.10597641307498171 0.19302793880542118 -0.50641021174591361 0.83370133270359503 -1.8763471972037933 0.26711107128275297 3.760484461493077 1 CAMERA 1 85
86 1 0.10386348189697595 0.30083066451335772 -0.48011750412693061 0.81743530058813507 -2.1765939547212962 -0.083390993172653929 3.799406807660513 1 CAMERA 1 86
87 1 0.10305647739346552 0.31621437353377518 -0.47659717730584938 0.81378311792638525 -2.2271485380591618 -0.09692949595210569 3.804799190970956 1 CAMERA 1 87
88 1 0.099512802254525481 0.40505625605316053 -0.44810866923310416 0.79071186419440087 -2.1882280514873318 -0.22436437100904905 4.1387728355473126 1 CAMERA 1 88
89 1 0.09131559256249995 0.48684001375545394 -0.41913579687675923 0.76090304726557179 -1.8510788932686211 -0.44416905033079096 4.4813064044449673 1 CAMERA 1 89
90 1 0.086854246958837159 0.51535704726909559 -0.40700333402784267 0.74914066750211405 -1.789652822911749 -0.51439275394370032 4.5424610752157069 1 CAMERA 1 90
91 1 0.082812653481654758 0.70930602250775743 -0.30646772701528469 0.6293683842993999 -0.8756746363123612 -0.53150057126075634 4.8155797317819697 1 CAMERA 1 91
92 1 0.09978844356587728 0.78832697850387057 -0.24068047676749132 0.55736500571585146 -0.24490417206101892 -0.34349429844730639 5.1285736462436669 1 CAMERA 1 92
93 1 0.10053318353453111 0.79483591109042195 -0.23461806922795617 0.55053003100758924 -0.19032231043370199 -0.35284687677020021 5.1562741846331344 1 CAMERA 1 93
94 1 0.07987262316573826 0.82267721742470268 -0.22050948194661268 0.51787848803615044 0.02941526008073218 -0.53038428788715786 5.2749417595077022 1 CAMERA 1 94
95 1 0.03917249970892045 0.85111094252056196 -0.21342706867733632 0.47804243027592747 0.11567872120515603 -1.0714044697305307 5.1668391505590305 1 CAMERA 1 95
96 1 0.031784871765419741 0.87322600905325054 -0.18520881894496277 0.44962623636171439 0.32402046395131195 -1.1828043140409203 5.1923860602422822 1 CAMERA 1 96
97 1 0.030014125615262014 0.88650121655837544 -0.16754038000237767 0.43028475033718167 0.45954868258395742 -1.1863396398631416 5.1923690598972252 1 CAMERA 1 97
98 1 0.026536466470625655 0.90249050893647143 -0.14255178634977814 0.40556834866065355 0.5050622704863198 -1.0414273792341309 5.1799946134992227 1 CAMERA 1 98
99 1 0.018680916463639206 0.97315158186188477 -0.028795445667577638 0.22759139787917199 1.4143713630417474 -0.50980732934661577 4.5937217045397443 1 CAMERA 1 99
100 1 0.019090268893655983 0.97337309830235719 -0.026205488772366517 0.22692211327466333 1.389928655155227 -0.50480571002327301 4.5964478349976243 1 CAMERA 1 100
101 1 0.015170946495318556 0.97708942617550876 0.00628942138147481 0.21219457772793726 1.0571944846025927 -0.48514266876022671 4.5901036603203389 1 CAMERA 1 101
102 1 0.011839619643012533 0.98020053763576498 0.036917489281099468 0.19417473679767472 0.4379123794334594 -0.47384416030620058 4.542275214172002 1 CAMERA 1 102
103 1 0.011168207510354317 0.98034866812508603 0.03988225264759071 0.19287603783292895 0.38537226377874034 -0.46456586074060829 4.5635222185467184 1 CAMERA 1 103
104 1 0.0077125392739682448 0.98243472935438547 0.068279952868363095 0.17349457436074761 0.18674519539883527 -0.30399298944855124 4.7160013877229083 1 CAMERA 1 104
105 1 0.0061666830616040006 0.98248726267558317 0.07152674867532223 0.17194381327688046 0.12649701038323208 -0.27284917786976653 4.7173169297764748 1 CAMERA 1 105
106 1 0.0051291146830255091 0.98478433277312294 0.099454752229245269 0.14241580799259262 -0.25307654823811027 -0.37533441698094394 4.7143021331074477 1 CAMERA 1 106
107 1 0.0006844068248653694 0.98563675045090171 0.10699865163368269 0.13065609934656233 -0.17453539234154888 -0.46752722405333774 4.7180047482794603 1 CAMERA 1 107
108 1 0.0018655781055325665 0.98773982883912781 0.13303326318685821 0.081662115016933615 -0.043937819763838142 -0.73636695506289462 4.8237429302196393 1 CAMERA 1 108
109 1 0.00206634588434819 0.9878147805125459 0.13555727035606432 0.076432428126090649 -0.049519551059958866 -0.7326108902886318 4.8356548311135974 1 CAMERA 1 109
110 1 0.0046582502374262463 0.98824180415677942 0.14817258327829722 0.037434246169989215 0.0059986199856722783 -0.61479004613127608 4.9532604633465089 1 CAMERA 1 110
111 1 0.0084166139467350427 0.98720051704165124 0.15869041334474268 0.013477851269503276 -0.098780384593211604 -0.55779784981706793 4.8403588619796798 1 CAMERA 1 111
112 1 0.012979678043246942 0.98295170296347922 0.17881513382248704 -0.040775305212049869 -0.08039636225037905 -0.58306114695280353 4.7338232143907994 1 CAMERA 1 112
113 1 0.01560950127462518 0.97628439466235073 0.20078373082063042 -0.079441913663214223 -4.0985941153700873e-05 -0.63401674702597455 4.6460918710580623 1 CAMERA 1 113
114 1 0.015344610873759976 0.97466504971446433 0.20590652188053477 -0.085994697681280263 0.014877807034556857 -0.64751095689885896 4.6544770811468812 1 CAMERA 1 114
115 1 0.016084575169696497 0.95609441811596874 0.25282103136820483 -0.14733049985327151 0.23038183653876021 -0.73259370292266701 4.4836549389670548 1 CAMERA 1 115
116 1 0.011574704182141125 0.93425935251287695 0.29304003380405519 -0.20286208875350287 0.34192726851338401 -0.40169009241135162 4.4450573309872254 1 CAMERA 1 116
117 1 0.0058626182116573921 0.92123529836166984 0.31427158277696265 -0.2291823008416059 0.45662333664652688 -0.41852135613808877 4.3761052541774577 1 CAMERA 1 117
118 1 -0.0057027984397392947 0.88860544062988911 0.35087578066584024 -0.29535408498115201 0.53428043598593 -0.5050590598457253 4.3637112571942076 1 CAMERA 1 118
119 1 -0.0052133424511565029 0.8778186995059013 0.36264640861551928 -0.31288134200767093 0.56903382856558005 -0.52148187517716571 4.3077653766832906 1 CAMERA 1 119
120 1 -0.0076152625215579065 0.81956034259811084 0.41448123224541633 -0.39556056519010607 0.79711372808217518 -0.34031189444040788 4.2160064796171763 1 CAMERA 1 120
121 1 -0.0092580830111187468 0.78909607201333043 0.43004585317623056 -0.43852279438818231 0.96415197827052401 -0.18859211847321 4.2080596353997981 1 CAMERA 1 121
122 1 -0.0111256357266446 0.77524533499917536 0.4390290201432489 -0.45400926231053185 1.0669340511903214 -0.12799504056091712 4.1669419998917219 1 CAMERA 1 122
123 1 -0.014838640172969965 0.76208379441379692 0.44866511132369985 -0.46659160186460613 1.0565649547907892 -0.050611638926128924 3.9539383916327524 1 CAMERA 1 123
124 1 -0.016146057256128134 0.74278804740769788 0.4628615049031729 -0.48349193244780353 0.98954139031320498 -0.05095297388844551 3.8717944743230799 1 CAMERA 1 124
125 1 -0.02422314545752071 0.71208197503498061 0.47804486567357429 -0.51363956862527571 0.82223323400007442 -0.22530179066650152 3.5045392037194558 1 CAMERA 1 125
126 1 -0.023137870870676085 0.71114547427009345 0.47848058064013671 -0.5145804964308438 0.81781553579105282 -0.22608487312548556 3.4979129580280857 1 CAMERA 1 126
127 1 -0.031037475119070953 0.69490896855469786 0.48460432174105705 -0.53037425645516523 0.90910501821820033 -0.23521758051070074 3.4332749272320005 1 CAMERA 1 127
128 1 0.044868092851557163 -0.19938011441356288 0.17194067623866244 0.96367568614907484 -0.34016875242085898 -0.96216522619852196 2.8345891724263499 1 CAMERA 1 128
129 1 0.044984361672372797 -0.19885816586099425 0.17180905523182122 0.96380158000268901 -0.31498024008877878 -0.95505510583975783 2.826550908230101 1 CAMERA 1 129
130 1 0.045020774964986431 -0.19833409371199362 0.17093017693401288 0.96406410145088439 -0.24100923339927982 -0.96862501369679854 2.8081317781473158 1 CAMERA 1 130
131 1 0.04534962775960389 -0.19930233751801532 0.17157294165750778 0.96373477430925458 -0.22391202805434493 -0.9686911795978822 2.7964899994328545 1 CAMERA 1 131
132 1 0.075874368906337586 -0.24743136305327004 0.17480406672112292 0.94998123085586439 -0.19370024394967231 -0.92959095037049499 2.6544374569946032 1 CAMERA 1 132
133 1 0.07760886644148661 -0.25025244272251623 0.17484805521966332 0.94909363939865421 -0.19813771339931716 -0.93115447646674543 2.6509236491886217 1 CAMERA 1 133
134 1 0.11155071178272737 -0.28627231281357784 0.17979343328555658 0.9344939395012275 -0.31580412288337745 -0.85880329432301283 2.6040285165692474 1 CAMERA 1 134
135 1 0.12896873908363601 -0.2956265171978496 0.1827143403340124 0.92875588639047313 -0.18413701596841395 -0.81405622264227406 2.6586245465000755 1 CAMERA 1 135
136 1 0.1597091225183109 -0.31677155645221516 0.18118011954150004 0.9172363607545222 0.0085928705686112144 -0.83254711899890943 2.7618849556508005 1 CAMERA 1 136
137 1 0.18773925748636588 -0.34664153309247314 0.17273752413937601 0.90263800412345074 0.065194742065820793 -0.92937218869674476 2.7939241012402056 1 CAMERA 1 137
138 1 0.22212961493139463 -0.39055044345607526 0.16153481829881722 0.87865538623732431 0.023694738892172953 -1.0751324168127709 2.838532245040752 1 CAMERA 1 138
139 1 0.2723544073460577 -0.45570249746376157 0.14305966442450038 0.83527973938029731 -0.13681450844374524 -1.0240324655321649 2.7119897070642596 1 CAMERA 1 139
140 1 0.28454260386298219 -0.46846398412019213 0.13966193552946179 0.82466450507662514 -0.1604667704575492 -1.0358273021990168 2.6993435479601873 1 CAMERA 1 140
141 1 0.32486833010462268 -0.5057774131851136 0.12597710761754599 0.78916382631436299 -0.19304546258908578 -0.90830595091163924 2.6572183091522255 1 CAMERA 1 141
142 1 0.36797240053533242 -0.54358360106008186 0.12158139652574511 0.74453417995527127 -0.054878379865761558 -0.97470503008505538 2.8757721196305646 1 CAMERA 1 142
143 1 0.38013901662114591 -0.55224223299286912 0.12046805610584096 0.73212723730198548 -0.054568123004383039 -1.0211913017274765 2.9297085783072179 1 CAMERA 1 143
144 1 0.39944071034868284 -0.56681715115334519 0.12031786996541008 0.71041470018682207 0.014452935959045178 -1.0595114240711558 3.010546535422332 1 CAMERA 1 144
145 1 0.42279250545259439 -0.57908950923091629 0.11632409785412309 0.68729218087378163 0.08047405056550451 -1.2722570114619678 3.1169800470839251 1 CAMERA 1 145
146 1 0.43691302242801416 -0.58751306411551352 0.11498287109694263 0.67135262692620945 0.18535769450355327 -1.3570957235248031 3.2132305316009715 1 CAMERA 1 146
147 1 0.4478207584939059 -0.59363389191111515 0.12225176279148676 0.65735065005731874 0.2550934266845612 -1.4090550258987622 3.2600773757291868 1 CAMERA 1 147
148 1 0.46237461063697521 -0.60161899257667295 0.13303478400121163 0.63762532372474479 0.2684588728087014 -1.2496775266667144 3.2837145937622156 1 CAMERA 1 148
149 1 0.4706579419021833 -0.60672743518014771 0.14130495808909241 0.62481663705727353 0.27804285221480368 -1.2074640121886748 3.3563753859016074 1 CAMERA 1 149
150 1 0.47195551735822239 -0.60830383734125226 0.14257277844273894 0.62201079890799138 0.2690605418610113 -1.1872119214442418 3.3844536160241971 1 CAMERA 1 150
151 1 -0.48397143027786499 0.62063393784793897 -0.15067945606833263 -0.59823145302224767 0.2547777255331401 -1.2016285709917458 3.2811476713961829 1 CAMERA 1 151
152 1 -0.48834481877824271 0.62171538671099191 -0.15206030504812176 -0.59318376539477136 0.24272818805009622 -1.2512769959617056 3.3266889155598078 1 CAMERA 1 152
153 1 -0.49657583128880112 0.63395310265798099 -0.1619442021712916 -0.5703419875769794 0.2794848016369863 -1.1520087808701285 3.3280327120908675 1 CAMERA 1 153
154 1 -0.49723653467412215 0.63418791104201677 -0.16333289413924704 -0.56910797548930125 0.28934158772277047 -1.1588720454235322 3.3258394181534703 1 CAMERA 1 154
155 1 0.61322869848591299 -0.67456961494038326 0.17405227350784019 0.37230659951068318 -0.21291584565867583 -1.0689971277044741 3.2458325810735844 1 CAMERA 1 155
156 1 0.62223885959602154 -0.68097547804399272 0.17428477929563213 0.34455190554874482 -0.19115604713855042 -1.0741477760137585 3.2737004444967344 1 CAMERA 1 156
157 1 0.64496545740037625 -0.69405183243442059 0.1661423497364625 0.27332825005621608 -0.38549455319802617 -1.0702059361497391 3.1950179973200927 1 CAMERA 1 157
158 1 0.65996090064635726 -0.70523165474283844 0.15966715915287738 0.20397627571552729 -0.60705870426459208 -1.1115600960781093 3.0745113637070371 1 CAMERA 1 158
159 1 0.67309926740007897 -0.71762141062161688 0.14704871102756081 0.10165413827312068 -0.57489810212987258 -0.878091190661901 3.1457379068534195 1 CAMERA 1 159
160 1 0.67811429591824446 -0.71572379634877581 0.14884716711325927 0.075795579381367273 -0.46926173381626707 -0.91842146178023809 3.1248593909444478 1 CAMERA 1 160
161 1 0.6848502408349344 -0.71400177553155064 0.14498082116641975 0.012734742244592871 -0.4903590987251038 -1.0217547426419633 2.9804272294163678 1 CAMERA 1 161
162 1 0.68521044344868431 -0.71473705901842322 0.13999651509976171 -0.006209703251746905 -0.38554767618169661 -1.0294484821859202 3.0310966742300995 1 CAMERA 1 162
163 1 0.68315757280134115 -0.7170131491419458 0.13589595396392917 -0.026835878557704446 -0.2371266843498317 -1.0224174181003609 3.0631535981489515 1 CAMERA 1 163
164 1 0.68301577710499206 -0.71540427738388246 0.13591897385726595 -0.056676279624694507 0.059041788664284271 -1.0413583813309051 3.1877014396352776 1 CAMERA 1 164
165 1 0.68377392450018848 -0.71313538644186891 0.13780758346870894 -0.070001505101904074 0.29807947419696562 -1.0266030766144447 3.2853671438849301 1 CAMERA 1 165
166 1 0.68767496756022251 -0.70491333923524935 0.14199052982427485 -0.10019487311973148 0.45087854822051338 -1.1963017901428534 3.1214310731479977 1 CAMERA 1 166
167 1 0.68960501441645794 -0.69983803392069155 0.14456044020147876 -0.11736238536453003 0.58840199330010046 -1.285927812072349 3.1001045673526448 1 CAMERA 1 167
168 1 0.68964936122100806 -0.69904527494622415 0.14618475575735204 -0.119789312240186 0.61397796204614008 -1.2945488293311807 3.0946237996216115 1 CAMERA 1 168
169 1 0.6922215693392626 -0.69005577700207521 0.14501887465563884 -0.15369401276940739 0.9402424460719907 -1.3097774825624722 3.0986662368094389 1 CAMERA 1 169
170 1 0.69283750999384308 -0.68871661417175101 0.14494643954706254 -0.15695903851629833 0.9575197739286414 -1.3091612507734223 3.0963824131593278 1 CAMERA 1 170
171 1 0.68740152150367118 -0.68461000821505491 0.12627869972759578 -0.20698303041874713 0.96645190880462672 -1.3851813624660712 3.2424550804304504 1 CAMERA 1 171
172 1 0.67639454950164757 -0.68099911796249801 0.11527673935571346 -0.25581612166217721 0.97594863287286804 -1.2640571708966537 3.3569326889398483 1 CAMERA 1 172
173 1 0.67625991285089104 -0.67961076237148454 0.11552259336814411 -0.25972345362183469 0.96766914840311224 -1.2781898651037997 3.3742486044148903 1 CAMERA 1 173
174 1 0.65266183873255912 -0.65950202557105386 0.08646408532410961 -0.36278583831094791 0.49805915520722877 -1.5422877952588749 3.6128178469028049 1 CAMERA 1 174
175 1 0.63764522275363533 -0.64166214011821188 0.076213994194864979 -0.41936820924725354 0.54425614240508269 -1.7126048729247425 3.7804285925723509 1 CAMERA 1 175
176 1 0.63573857752288043 -0.64090481968294422 0.077101497015169704 -0.42324086796335847 0.54188372218411618 -1.7117284810650062 3.7946706061613442 1 CAMERA 1 176
177 1 0.62266374914026601 -0.62154033362296401 0.067277472645223033 -0.47058602918160863 0.58356951582107042 -1.6739571010588137 3.9422127703157508 1 CAMERA 1 177
178 1 0.60828823827627565 -0.60081184203373184 0.053964781838213266 -0.51584721766035846 0.48620984754501867 -1.5335962956411289 4.0661757917259562 1 CAMERA 1 178
179 1 0.59711224264893692 -0.56920378010130779 0.040146608243618417 -0.56378389143684549 0.16995319291436883 -1.6874772391210695 4.1779810756129345 1 CAMERA 1 179
180 1 0.56083914463594697 -0.51679285985351842 -0.00051118184308664616 -0.64682635424166546 -0.099034135863858397 -2.0295172598759721 4.2665235863421005 1 CAMERA 1 180
181 1 0.55805585789603118 -0.51658166994979082 0.0012027529669865029 -0.64939632823500815 -0.094283703977394884 -2.0291365478037702 4.2789749069993803 1 CAMERA 1 181
182 1 -0.50598338645047358 0.47069839337788189 0.039327957121109404 0.72171819077550758 -0.29408476690671731 -1.6831004002309917 4.2118143299281954 1 CAMERA 1 182
183 1 0.50296083284076587 -0.47141258777122458 -0.037809961464184264 -0.72344383301887205 -0.29286014081802381 -1.6737774496422293 4.2128628668507258 1 CAMERA 1 183
184 1 -0.48018039593182954 0.44845720806740391 0.041304963049980499 0.75273290078392363 -0.25766758337050283 -1.6322504017481365 4.1732469556088363 1 CAMERA 1 184
185 1 -0.46822613344087866 0.43242014087150293 0.044395605781576468 0.76928937333032288 -0.27833839832984125 -1.712056083124792 4.204569168108427 1 CAMERA 1 185
186 1 -0.4582737371703175 0.41466796397694378 0.044490637978438115 0.78489250512629982 -0.29211373034012472 -1.8107491157260844 4.2038280583679963 1 CAMERA 1 186
187 1 -0.46157983977522204 0.41031663342503971 0.034259143970400238 0.78575481093165278 -0.32379987149771711 -1.8849994871558595 4.1636532129368051 1 CAMERA 1 187
188 1 -0.46239558572735023 0.40987234810765544 0.032403796708229134 0.78558575249012097 -0.32516796644984736 -1.8955529544419369 4.1589001637952547 1 CAMERA 1 188
189 1 -0.47100407974791136 0.4056154358488227 0.013539979262962163 0.78322917720393392 -0.28385283916367354 -1.8987340162561084 4.0533532398839762 1 CAMERA 1 189
190 1 -0.49038822669032789 0.39221543495780214 -0.024738232035885013 0.77786532226351146 -0.23909035454041427 -1.9793546692104518 3.8694468080075493 1 CAMERA 1 190
191 1 -0.51246598624654394 0.37677332735977931 -0.058255524170645688 0.76943275640838249 -0.15012681009587453 -1.9501961807653134 3.7173979228219176 1 CAMERA 1 191
192 1 0.53837314590378671 -0.36198683028134598 0.094604338507380051 -0.7550959605295906 -0.1729695885644266 -1.9862967854126941 3.4608395651518857 1 CAMERA 1 192
193 1 0.57133946623175647 -0.33927822114492506 0.15348534227316132 -0.73137114565044026 -0.065995873853602921 -1.5209106697644372 3.0481048514773854 1 CAMERA 1 193
194 1 0.58307027799130362 -0.32732852042951649 0.17588510131977531 -0.72246074064290855 -0.023207798873405711 -1.4157741066711331 2.8215736205014967 1 CAMERA 1 194
195 1 0.59422759931984903 -0.31145132755751953 0.19794565951932577 -0.71463917234271934 -0.0072915196635774922 -1.2372955640325976 2.6750346167870074 1 CAMERA 1 195
196 1 0.59955078150261765 -0.30399452106089009 0.20835133750879758 -0.71043360824418755 -0.011490110490439505 -1.1572233476216882 2.615976713146615 1 CAMERA 1 196
197 1 0.60859989151763139 -0.2888853328774364 0.22674007976037999 -0.70337783070216009 -0.0017455614856837882 -0.93091636712787029 2.5021694009234552 1 CAMERA 1 197
198 1 0.61725263652314921 -0.27450673138002701 0.24694081724123437 -0.69474129711174226 0.0030691999924392891 -0.69465716812178868 2.3901187005894857 1 CAMERA 1 198
199 1 0.62430405622778129 -0.26173308105423709 0.26163177471995674 -0.68796006723957548 0.023024549883786403 -0.51688368580352484 2.2998085726125161 1 CAMERA 1 199
200 1 0.62758059215759932 -0.25730833172515821 0.26538684231724008 -0.68520423721458201 0.028180576711689276 -0.39815696348990676 2.3052012245298217 1 CAMERA 1 200
201 1 0.63352686286359072 -0.24252112552414121 0.28362893946350959 -0.67777713328462585 -0.086608706709124253 -0.20406513620406325 2.3019632873794729 1 CAMERA 1 201
202 1 0.63980053709154827 -0.22555147983833876 0.30193677080579756 -0.66978801804411914 -0.11047818171666901 -0.087920954198792464 2.1844292652520267 1 CAMERA 1 202
203 1 0.64053139152680327 -0.22390049198988127 0.30400379992483467 -0.6687075562506285 -0.10840793418721273 -0.067503553845930861 2.1538396136610043 1 CAMERA 1 203
204 1 0.65058215424489485 -0.19757473388583396 0.3306969222008041 -0.65448195601936132 -0.095728209708320161 0.3259206526635306 2.2002441255974414 1 CAMERA 1 204
205 1 0.65773342061111661 -0.17116047374983753 0.35602861098934496 -0.6413536214865625 -0.13696668826164654 0.47633492302577313 2.097159043705251 1 CAMERA 1 205
206 1 0.65796375449445554 -0.16889993239586043 0.35887214031367631 -0.64013068784031502 -0.13408426246628422 0.4851326599453275 2.0807280175729348 1 CAMERA 1 206
207 1 0.66776913467493038 -0.12279002215664679 0.40355818563911278 -0.61330888142756612 -0.061247991561927825 0.79292822228237669 2.033363547427248 1 CAMERA 1 207
208 1 0.66702992338952516 -0.10644555237066526 0.41900523521332855 -0.60677428962283131 -0.054920902363581992 0.92684304418355101 2.009296887069095 1 CAMERA 1 208
209 1 0.85040394749210979 0.16566251758015008 0.44526358282551426 -0.22607387767769618 -0.20857298878791392 1.2401782782613708 2.7504973692064469 1 CAMERA 1 209
210 1 0.8934667797071123 0.17039880394769266 0.38119645959717219 -0.16544068533338421 -0.37416188803088873 1.2076030606440773 2.627862203544288 1 CAMERA 1 210
211 1 0.90677258416318107 0.17175227977022983 0.35739666611590032 -0.14329081635958135 -0.35041929044837317 1.1468837320494147 2.5454906346216983 1 CAMERA 1 211
212 1 0.92119705213977765 0.17220838423736928 0.32990913316920328 -0.11357916789131436 -0.30307367116806216 1.0264134256530493 2.4867377350193527 1 CAMERA 1 212
213 1 0.9346590177752695 0.17558747837892674 0.29917546937242639 -0.077946112498872164 -0.2915568951124986 1.0684416402260035 2.5960343103042529 1 CAMERA 1 213
214 1 0.93928960201400569 0.17920193587490243 0.28524961616564942 -0.065225502714873193 -0.22729280454320167 0.97175432119888883 2.6337054745278348 1 CAMERA 1 214
215 1 0.95158153745389962 0.18366749728986895 0.24391949028278229 -0.035526191413327218 0.034286791642615395 0.80663089792774223 2.5697472692465895 1 CAMERA 1 215
216 1 0.95965251797758844 0.18529684556040787 0.21134946839917948 -0.0079703181881895721 0.26358321705422982 0.97467495501212487 2.7303427870025194 1 CAMERA 1 216
217 1 0.96275934698736976 0.18640451870524441 0.19575531846842373 0.0052583729466188231 0.4003195230481667 0.96742046432777051 2.8011363198709756 1 CAMERA 1 217
218 1 0.96639182832395309 0.18612103121316503 0.17618123331940455 0.020148670300767214 0.62107530046239268 0.96810725687577104 2.8002361352944836 1 CAMERA 1 218
219 1 0.96790773746727399 0.18582115545467287 0.16704579962913813 0.026847919150927282 0.71246456771951638 1.0195306955885306 2.7461502111424361 1 CAMERA 1 219
220 1 0.97091365440410715 0.19368345681504803 0.13024342119789092 0.053385817241136974 1.1675775250937306 1.1366136465601562 2.5929339850821425 1 CAMERA 1 220
221 1 0.97216551590294142 0.19148609930457508 0.11890247008180665 0.063949089678676463 1.2662881005368509 1.135025340322569 2.6382649661909974 1 CAMERA 1 221
222 1 0.97240819451188398 0.19225219657383319 0.1099048267095344 0.073364332100969792 1.2499997279608885 1.1151466857544143 2.6315692352403333 1 CAMERA 1 222
223 1 0.97272911351297697 0.19159764306656099 0.10356339424714381 0.079768654668405381 1.2546065975340241 1.1241923184378291 2.6077100654860317 1 CAMERA 1 223
224 1 0.99977532681646408 0.012901673377596365 -0.014185890662010672 0.0090334500173428756 0.16437213609903636 0.25238410707989017 3.2752238609483468 1 CAMERA 1 224
225 1 0.99995308597467103 0.0012858698092762014 0.00040500199964740147 0.0095920989332934307 0.16575504011064568 0.19417727843731 2.998700507790554 1 CAMERA 1 225
226 1 0.99995126997024952 0.00066881524941747898 0.000981873192921976 0.009800321223319924 0.15537822039783639 0.20250272911617548 2.9828110675421975 1 CAMERA 1 226
227 1 0.99982959749881239 -0.0065644394456814276 0.010518996123660121 0.013676067441964373 0.01802476361626491 0.29291751466277238 2.8943607155779576 1 CAMERA 1 227
228 1 0.99966189901055014 -0.0059102079815360354 0.016490130221503519 0.019215429048390728 0.1675592375646999 0.72884843273259881 3.0013812560516242 1 CAMERA 1 228
229 1 0.99964959643434692 -0.0045464988972724061 0.017550979833309711 0.019286700166570206 0.25071027105981813 0.80132196090940733 3.0329226233637434 1 CAMERA 1 229
230 1 0.99964202631716736 0.00074182511090277925 0.018351641562756819 0.019454720968565497 0.31821500092469468 0.80781399972812684 3.0995054525937333 1 CAMERA 1 230
231 1 0.99968272823499227 0.006396268151987905 0.016087268017665499 0.018295639647151373 0.36352594832544738 0.91865152557108565 3.0414659467350877 1 CAMERA 1 231
232 1 0.99975298904386434 0.015002659868443966 0.010143938272882463 0.012883385077170092 0.45981824878201161 0.92410200547179489 3.0601804635008754 1 CAMERA 1 232
233 1 0.99976820788155152 0.015957086310604732 0.0089475617834564956 0.011350904982332875 0.47654319340229356 0.91667058046539629 3.0634144937377821 1 CAMERA 1 233
234 1 0.99975274404348879 0.021616862837948406 0.0017387712426804611 0.0049131144018203484 0.60183071056331716 0.85593313818229388 3.0957246542407706 1 CAMERA 1 234
235 1 0.9985332641079484 0.043705192934839938 -0.031942260531156445 0.00093197243228953499 0.87818104892028903 0.77036718804353899 3.1992703395279452 1 CAMERA 1 235
236 1 0.9984010948382972 0.045670190281787093 -0.033298542849415677 0.00083342031436777625 0.88448208837558073 0.76336095070881826 3.2142945453631637 1 CAMERA 1 236
237 1 0.99302669220708562 0.094250318009047804 -0.07048180419853102 0.0068688715497806675 1.0258032190524426 0.78674204863634256 3.2792310746471673 1 CAMERA 1 237
238 1 0.98347704057107055 0.15055515121247201 -0.095836679231372318 0.030354374097677484 1.1297220808705815 0.86610695567226648 3.5670250532689232 1 CAMERA 1 238
239 1 0.97642015491828238 0.19108748017106203 -0.088546341790788199 0.047421528304138282 1.334662147449619 0.92877616327468504 3.7030603719285082 1 CAMERA 1 239
240 1 0.95402747191735671 0.28011096642756483 -0.077095071708234791 0.073659888896842607 1.3782855944761891 0.96795182253651835 3.8153114197333013 1 CAMERA 1 240
241 1 0.92154211075098358 0.37312430956296938 -0.06886109161984548 0.082441117087911103 1.1162349653127253 0.74335071100702765 3.8997951315513015 1 CAMERA 1 241
242 1 0.91714225057803112 0.38422448345335031 -0.065674073540658837 0.08311771522513392 1.1063993013757425 0.75502229452904446 3.961103939964131 1 CAMERA 1 242
243 1 0.88795556835846923 0.44853179595730752 -0.051775555095366965 0.087598108033603975 1.1811045854197901 1.010418245182104 4.0315403628520396 1 CAMERA 1 243
244 1 0.84809297540148243 0.52110844595626993 -0.03295421573102858 0.089990623362962111 1.1438522948422405 0.86182217214083023 4.226782386922574 1 CAMERA 1 244
245 1 0.7897627103003898 0.60667386515783794 -0.012904232595208513 0.089750562864868752 1.0527608321719033 0.68923954860749981 4.0574670102177146 1 CAMERA 1 245
246 1 0.76153168431784568 0.64302073002734061 0.0049064405781374248 0.081054064524762187 0.98897336114929313 0.95331152749391901 4.0847566630354795 1 CAMERA 1 246
247 1 0.7511407566176157 0.6559796089157881 0.018035016311311023 0.071784779871893439 0.78362496445905905 1.0751000055249347 4.2846125868666469 1 CAMERA 1 247
248 1 0.75031095160445949 0.65698576795378172 0.019238910382960099 0.070943928111336943 0.7155236031251182 1.0909688316076538 4.3166229698619887 1 CAMERA 1 248
249 1 0.74133472886020824 0.6677188916234853 0.029904801208369344 0.060663039979496194 0.20009506724546569 1.1024851046479083 4.4832029243459885 1 CAMERA 1 249
250 1 0.74226447380130289 0.6678946739814321 0.039337639892224281 0.037585974610499132 -0.35911845229860739 1.1688276492709895 4.5609067457804864 1 CAMERA 1 250
251 1 0.74173254510166009 0.66928706887758316 0.041590616727650666 0.01256469539944579 -0.45105386737677539 1.2062393114308658 4.5921584083655356 1 CAMERA 1 251
252 1 0.73806851334263601 0.67050302337127432 0.05062289717397913 -0.05583804745766488 -0.096346809635703176 1.1732948987445524 4.4776719817316506 1 CAMERA 1 252
253 1 0.73836503950613974 0.66959186370237234 0.050813110960480162 -0.062304351799842561 -0.057473670155549592 1.1884087296117369 4.4567365231531531 1 CAMERA 1 253
254 1 0.72433774006429608 0.66275877287514295 0.068417265468748351 -0.17721378355354245 0.26700724590161251 1.1263202507689838 4.1454179557513173 1 CAMERA 1 254
255 1 0.70266289577587904 0.65375489872637926 0.078537784311893802 -0.26963160743224535 0.20533330810315406 1.1051795344658364 3.6872257391355596 1 CAMERA 1 255
256 1 0.6997729013816798 0.65929871171902654 0.074862664943661963 -0.26464821294509222 0.12872384804547868 1.120148568155344 3.5805550926768501 1 CAMERA 1 256
257 1 0.69914497475366311 0.66992997210328287 0.056465683676832308 -0.24331412478790154 -0.042530475438941229 1.2186796174333117 3.7451717942542553 1 CAMERA 1 257
258 1 0.70001812599643665 0.68431817605082024 0.033449912543587146 -0.20140595957851437 -0.17655933887200495 1.3712069731121888 3.763722246368618 1 CAMERA 1 258
259 1 0.70159650335062385 0.70096184045079157 0.0063743237631615464 -0.12796176270503534 0.057540853920832087 1.4184437699628276 3.7658716616257188 1 CAMERA 1 259
260 1 0.69703840222904934 0.71185295236790413 -0.0053653430251716745 -0.085872307045373894 -0.057124822538805041 1.4747123751507576 3.7949339757898475 1 CAMERA 1 260
261 1 0.68453269377367465 0.72760515310262275 -0.012070350763073785 -0.043128169053669688 -0.038761429686936057 1.4060297452812838 3.5530125974230966 1 CAMERA 1 261
262 1 0.68273706600780371 0.72986307738598399 -0.012167855739495448 -0.03196764386719933 -0.088713798978600489 1.4092863306530368 3.4982864078821607 1 CAMERA 1 262
263 1 0.67546582398132615 0.73726865181628065 -0.01280731508993427 -0.0041022387082191277 -0.22341459342531028 1.4241143282376463 3.3932748309065581 1 CAMERA 1 263
264 1 0.63608955088400021 0.76597942389711715 0.025540663711930887 0.089516925324685359 -0.59204240249438356 1.0645268809019177 2.8779829357950053 1 CAMERA 1 264
265 1 0.64957470304960352 0.7544009706292728 0.028185933801367795 0.090207725874094383 -0.58386441409003864 0.97427700875967604 2.9865230615513849 1 CAMERA 1 265
266 1 0.65073670193320976 0.75340355566921913 0.028418611899311778 0.090095557935911397 -0.57339017572263351 0.95396455379590672 3.0204073969535128 1 CAMERA 1 266
